start=415.200000
volume=125.000000
border=no
