start=747.250000
pause=yes
volume=125.000000
border=no
aid=2
sid=1
