start=61.395000
border=no
aid=2
video-aspect-override=1.900000
