start=1187.228000
volume=125.000000
border=no
