start=366.083322
volume=99.000000
border=no
