start=4099.387000
pause=yes
volume=125.000000
border=no
sid=1
sub-pos=99
