start=626.292000
volume=125.000000
border=no
sid=1
