start=7586.537000
pause=yes
volume=125.000000
border=no
aid=2
sid=1
sub-pos=113
