start=245.583000
volume=127.000000
fullscreen=no
border=no
aid=3
