start=6103.556000
pause=yes
volume=125.000000
border=no
sid=1
sub-pos=118
