start=1151.680000
volume=89.000000
fullscreen=no
border=no
aid=1
