start=3880.502000
volume=125.000000
border=no
sid=1
