start=34.960000
border=no
video-aspect-override=1.900000
