start=1092.416667
volume=174.783310
border=no
