start=593.218000
volume=125.000000
border=no
sid=1
