start=53.120000
border=no
video-aspect-override=1.900000
