start=807.560000
volume=91.000000
border=no
aid=1
