start=47.047000
border=no
video-aspect-override=1.900000
